tradd	TNFr	lcthree	caspase8	p21	lcthree	dram	p53	caspases367	baxbak	autodeath
0	0	0	0	0	0	0	0	0	0	0
0	0	0	0	0	0	0	0	0	1	0
0	0	0	0	0	0	0	0	1	0	0
0	0	0	0	0	0	0	0	1	1	0
0	0	0	0	0	0	0	1	0	0	1
0	0	0	0	0	0	0	1	0	1	1
0	0	0	0	0	0	0	1	1	0	1
0	0	0	0	0	0	0	1	1	1	0
0	0	0	0	0	0	1	0	0	0	1
0	0	0	0	0	0	1	0	0	1	1
0	0	0	0	0	0	1	0	1	0	1
0	0	0	0	0	0	1	0	1	1	0
0	0	0	0	0	0	1	1	0	0	1
0	0	0	0	0	0	1	1	0	1	1
0	0	0	0	0	0	1	1	1	0	1
0	0	0	0	0	0	1	1	1	1	0
0	0	0	0	0	1	0	0	0	0	0
0	0	0	0	0	1	0	0	0	1	0
0	0	0	0	0	1	0	0	1	0	0
0	0	0	0	0	1	0	0	1	1	0
0	0	0	0	0	1	0	1	0	0	1
0	0	0	0	0	1	0	1	0	1	1
0	0	0	0	0	1	0	1	1	0	1
0	0	0	0	0	1	0	1	1	1	0
0	0	0	0	0	1	1	0	0	0	1
0	0	0	0	0	1	1	0	0	1	1
0	0	0	0	0	1	1	0	1	0	1
0	0	0	0	0	1	1	0	1	1	0
0	0	0	0	0	1	1	1	0	0	1
0	0	0	0	0	1	1	1	0	1	1
0	0	0	0	0	1	1	1	1	0	1
0	0	0	0	0	1	1	1	1	1	0
0	0	0	0	1	0	0	0	0	0	0
0	0	0	0	1	0	0	0	0	1	0
0	0	0	0	1	0	0	0	1	0	0
0	0	0	0	1	0	0	0	1	1	0
0	0	0	0	1	0	0	1	0	0	1
0	0	0	0	1	0	0	1	0	1	1
0	0	0	0	1	0	0	1	1	0	1
0	0	0	0	1	0	0	1	1	1	0
0	0	0	0	1	0	1	0	0	0	1
0	0	0	0	1	0	1	0	0	1	1
0	0	0	0	1	0	1	0	1	0	1
0	0	0	0	1	0	1	0	1	1	0
0	0	0	0	1	0	1	1	0	0	1
0	0	0	0	1	0	1	1	0	1	1
0	0	0	0	1	0	1	1	1	0	1
0	0	0	0	1	0	1	1	1	1	0
0	0	0	0	1	1	0	0	0	0	1
0	0	0	0	1	1	0	0	0	1	1
0	0	0	0	1	1	0	0	1	0	1
0	0	0	0	1	1	0	0	1	1	1
0	0	0	0	1	1	0	1	0	0	1
0	0	0	0	1	1	0	1	0	1	1
0	0	0	0	1	1	0	1	1	0	1
0	0	0	0	1	1	0	1	1	1	1
0	0	0	0	1	1	1	0	0	0	1
0	0	0	0	1	1	1	0	0	1	1
0	0	0	0	1	1	1	0	1	0	1
0	0	0	0	1	1	1	0	1	1	1
0	0	0	0	1	1	1	1	0	0	1
0	0	0	0	1	1	1	1	0	1	1
0	0	0	0	1	1	1	1	1	0	1
0	0	0	0	1	1	1	1	1	1	1
0	0	0	1	0	0	0	0	0	0	0
0	0	0	1	0	0	0	0	0	1	0
0	0	0	1	0	0	0	0	1	0	0
0	0	0	1	0	0	0	0	1	1	0
0	0	0	1	0	0	0	1	0	0	1
0	0	0	1	0	0	0	1	0	1	1
0	0	0	1	0	0	0	1	1	0	1
0	0	0	1	0	0	0	1	1	1	0
0	0	0	1	0	0	1	0	0	0	1
0	0	0	1	0	0	1	0	0	1	1
0	0	0	1	0	0	1	0	1	0	1
0	0	0	1	0	0	1	0	1	1	0
0	0	0	1	0	0	1	1	0	0	1
0	0	0	1	0	0	1	1	0	1	1
0	0	0	1	0	0	1	1	1	0	1
0	0	0	1	0	0	1	1	1	1	0
0	0	0	1	0	1	0	0	0	0	0
0	0	0	1	0	1	0	0	0	1	0
0	0	0	1	0	1	0	0	1	0	0
0	0	0	1	0	1	0	0	1	1	0
0	0	0	1	0	1	0	1	0	0	1
0	0	0	1	0	1	0	1	0	1	1
0	0	0	1	0	1	0	1	1	0	1
0	0	0	1	0	1	0	1	1	1	0
0	0	0	1	0	1	1	0	0	0	1
0	0	0	1	0	1	1	0	0	1	1
0	0	0	1	0	1	1	0	1	0	1
0	0	0	1	0	1	1	0	1	1	0
0	0	0	1	0	1	1	1	0	0	1
0	0	0	1	0	1	1	1	0	1	1
0	0	0	1	0	1	1	1	1	0	1
0	0	0	1	0	1	1	1	1	1	0
0	0	0	1	1	0	0	0	0	0	0
0	0	0	1	1	0	0	0	0	1	0
0	0	0	1	1	0	0	0	1	0	0
0	0	0	1	1	0	0	0	1	1	0
0	0	0	1	1	0	0	1	0	0	1
0	0	0	1	1	0	0	1	0	1	1
0	0	0	1	1	0	0	1	1	0	1
0	0	0	1	1	0	0	1	1	1	0
0	0	0	1	1	0	1	0	0	0	1
0	0	0	1	1	0	1	0	0	1	1
0	0	0	1	1	0	1	0	1	0	1
0	0	0	1	1	0	1	0	1	1	0
0	0	0	1	1	0	1	1	0	0	1
0	0	0	1	1	0	1	1	0	1	1
0	0	0	1	1	0	1	1	1	0	1
0	0	0	1	1	0	1	1	1	1	0
0	0	0	1	1	1	0	0	0	0	1
0	0	0	1	1	1	0	0	0	1	1
0	0	0	1	1	1	0	0	1	0	1
0	0	0	1	1	1	0	0	1	1	1
0	0	0	1	1	1	0	1	0	0	1
0	0	0	1	1	1	0	1	0	1	1
0	0	0	1	1	1	0	1	1	0	1
0	0	0	1	1	1	0	1	1	1	1
0	0	0	1	1	1	1	0	0	0	1
0	0	0	1	1	1	1	0	0	1	1
0	0	0	1	1	1	1	0	1	0	1
0	0	0	1	1	1	1	0	1	1	1
0	0	0	1	1	1	1	1	0	0	1
0	0	0	1	1	1	1	1	0	1	1
0	0	0	1	1	1	1	1	1	0	1
0	0	0	1	1	1	1	1	1	1	1
0	0	1	0	0	0	0	0	0	0	0
0	0	1	0	0	0	0	0	0	1	0
0	0	1	0	0	0	0	0	1	0	0
0	0	1	0	0	0	0	0	1	1	0
0	0	1	0	0	0	0	1	0	0	1
0	0	1	0	0	0	0	1	0	1	1
0	0	1	0	0	0	0	1	1	0	1
0	0	1	0	0	0	0	1	1	1	0
0	0	1	0	0	0	1	0	0	0	1
0	0	1	0	0	0	1	0	0	1	1
0	0	1	0	0	0	1	0	1	0	1
0	0	1	0	0	0	1	0	1	1	0
0	0	1	0	0	0	1	1	0	0	1
0	0	1	0	0	0	1	1	0	1	1
0	0	1	0	0	0	1	1	1	0	1
0	0	1	0	0	0	1	1	1	1	0
0	0	1	0	0	1	0	0	0	0	0
0	0	1	0	0	1	0	0	0	1	0
0	0	1	0	0	1	0	0	1	0	0
0	0	1	0	0	1	0	0	1	1	0
0	0	1	0	0	1	0	1	0	0	1
0	0	1	0	0	1	0	1	0	1	1
0	0	1	0	0	1	0	1	1	0	1
0	0	1	0	0	1	0	1	1	1	0
0	0	1	0	0	1	1	0	0	0	1
0	0	1	0	0	1	1	0	0	1	1
0	0	1	0	0	1	1	0	1	0	1
0	0	1	0	0	1	1	0	1	1	0
0	0	1	0	0	1	1	1	0	0	1
0	0	1	0	0	1	1	1	0	1	1
0	0	1	0	0	1	1	1	1	0	1
0	0	1	0	0	1	1	1	1	1	0
0	0	1	0	1	0	0	0	0	0	0
0	0	1	0	1	0	0	0	0	1	0
0	0	1	0	1	0	0	0	1	0	0
0	0	1	0	1	0	0	0	1	1	0
0	0	1	0	1	0	0	1	0	0	1
0	0	1	0	1	0	0	1	0	1	1
0	0	1	0	1	0	0	1	1	0	1
0	0	1	0	1	0	0	1	1	1	0
0	0	1	0	1	0	1	0	0	0	1
0	0	1	0	1	0	1	0	0	1	1
0	0	1	0	1	0	1	0	1	0	1
0	0	1	0	1	0	1	0	1	1	0
0	0	1	0	1	0	1	1	0	0	1
0	0	1	0	1	0	1	1	0	1	1
0	0	1	0	1	0	1	1	1	0	1
0	0	1	0	1	0	1	1	1	1	0
0	0	1	0	1	1	0	0	0	0	1
0	0	1	0	1	1	0	0	0	1	1
0	0	1	0	1	1	0	0	1	0	1
0	0	1	0	1	1	0	0	1	1	1
0	0	1	0	1	1	0	1	0	0	1
0	0	1	0	1	1	0	1	0	1	1
0	0	1	0	1	1	0	1	1	0	1
0	0	1	0	1	1	0	1	1	1	1
0	0	1	0	1	1	1	0	0	0	1
0	0	1	0	1	1	1	0	0	1	1
0	0	1	0	1	1	1	0	1	0	1
0	0	1	0	1	1	1	0	1	1	1
0	0	1	0	1	1	1	1	0	0	1
0	0	1	0	1	1	1	1	0	1	1
0	0	1	0	1	1	1	1	1	0	1
0	0	1	0	1	1	1	1	1	1	1
0	0	1	1	0	0	0	0	0	0	0
0	0	1	1	0	0	0	0	0	1	0
0	0	1	1	0	0	0	0	1	0	0
0	0	1	1	0	0	0	0	1	1	0
0	0	1	1	0	0	0	1	0	0	1
0	0	1	1	0	0	0	1	0	1	1
0	0	1	1	0	0	0	1	1	0	1
0	0	1	1	0	0	0	1	1	1	0
0	0	1	1	0	0	1	0	0	0	1
0	0	1	1	0	0	1	0	0	1	1
0	0	1	1	0	0	1	0	1	0	1
0	0	1	1	0	0	1	0	1	1	0
0	0	1	1	0	0	1	1	0	0	1
0	0	1	1	0	0	1	1	0	1	1
0	0	1	1	0	0	1	1	1	0	1
0	0	1	1	0	0	1	1	1	1	0
0	0	1	1	0	1	0	0	0	0	0
0	0	1	1	0	1	0	0	0	1	0
0	0	1	1	0	1	0	0	1	0	0
0	0	1	1	0	1	0	0	1	1	0
0	0	1	1	0	1	0	1	0	0	1
0	0	1	1	0	1	0	1	0	1	1
0	0	1	1	0	1	0	1	1	0	1
0	0	1	1	0	1	0	1	1	1	0
0	0	1	1	0	1	1	0	0	0	1
0	0	1	1	0	1	1	0	0	1	1
0	0	1	1	0	1	1	0	1	0	1
0	0	1	1	0	1	1	0	1	1	0
0	0	1	1	0	1	1	1	0	0	1
0	0	1	1	0	1	1	1	0	1	1
0	0	1	1	0	1	1	1	1	0	1
0	0	1	1	0	1	1	1	1	1	0
0	0	1	1	1	0	0	0	0	0	0
0	0	1	1	1	0	0	0	0	1	0
0	0	1	1	1	0	0	0	1	0	0
0	0	1	1	1	0	0	0	1	1	0
0	0	1	1	1	0	0	1	0	0	1
0	0	1	1	1	0	0	1	0	1	1
0	0	1	1	1	0	0	1	1	0	1
0	0	1	1	1	0	0	1	1	1	0
0	0	1	1	1	0	1	0	0	0	1
0	0	1	1	1	0	1	0	0	1	1
0	0	1	1	1	0	1	0	1	0	1
0	0	1	1	1	0	1	0	1	1	0
0	0	1	1	1	0	1	1	0	0	1
0	0	1	1	1	0	1	1	0	1	1
0	0	1	1	1	0	1	1	1	0	1
0	0	1	1	1	0	1	1	1	1	0
0	0	1	1	1	1	0	0	0	0	1
0	0	1	1	1	1	0	0	0	1	1
0	0	1	1	1	1	0	0	1	0	1
0	0	1	1	1	1	0	0	1	1	1
0	0	1	1	1	1	0	1	0	0	1
0	0	1	1	1	1	0	1	0	1	1
0	0	1	1	1	1	0	1	1	0	1
0	0	1	1	1	1	0	1	1	1	1
0	0	1	1	1	1	1	0	0	0	1
0	0	1	1	1	1	1	0	0	1	1
0	0	1	1	1	1	1	0	1	0	1
0	0	1	1	1	1	1	0	1	1	1
0	0	1	1	1	1	1	1	0	0	1
0	0	1	1	1	1	1	1	0	1	1
0	0	1	1	1	1	1	1	1	0	1
0	0	1	1	1	1	1	1	1	1	1
0	1	0	0	0	0	0	0	0	0	0
0	1	0	0	0	0	0	0	0	1	0
0	1	0	0	0	0	0	0	1	0	0
0	1	0	0	0	0	0	0	1	1	0
0	1	0	0	0	0	0	1	0	0	1
0	1	0	0	0	0	0	1	0	1	1
0	1	0	0	0	0	0	1	1	0	1
0	1	0	0	0	0	0	1	1	1	0
0	1	0	0	0	0	1	0	0	0	1
0	1	0	0	0	0	1	0	0	1	1
0	1	0	0	0	0	1	0	1	0	1
0	1	0	0	0	0	1	0	1	1	0
0	1	0	0	0	0	1	1	0	0	1
0	1	0	0	0	0	1	1	0	1	1
0	1	0	0	0	0	1	1	1	0	1
0	1	0	0	0	0	1	1	1	1	0
0	1	0	0	0	1	0	0	0	0	0
0	1	0	0	0	1	0	0	0	1	0
0	1	0	0	0	1	0	0	1	0	0
0	1	0	0	0	1	0	0	1	1	0
0	1	0	0	0	1	0	1	0	0	1
0	1	0	0	0	1	0	1	0	1	1
0	1	0	0	0	1	0	1	1	0	1
0	1	0	0	0	1	0	1	1	1	0
0	1	0	0	0	1	1	0	0	0	1
0	1	0	0	0	1	1	0	0	1	1
0	1	0	0	0	1	1	0	1	0	1
0	1	0	0	0	1	1	0	1	1	0
0	1	0	0	0	1	1	1	0	0	1
0	1	0	0	0	1	1	1	0	1	1
0	1	0	0	0	1	1	1	1	0	1
0	1	0	0	0	1	1	1	1	1	0
0	1	0	0	1	0	0	0	0	0	0
0	1	0	0	1	0	0	0	0	1	0
0	1	0	0	1	0	0	0	1	0	0
0	1	0	0	1	0	0	0	1	1	0
0	1	0	0	1	0	0	1	0	0	1
0	1	0	0	1	0	0	1	0	1	1
0	1	0	0	1	0	0	1	1	0	1
0	1	0	0	1	0	0	1	1	1	0
0	1	0	0	1	0	1	0	0	0	1
0	1	0	0	1	0	1	0	0	1	1
0	1	0	0	1	0	1	0	1	0	1
0	1	0	0	1	0	1	0	1	1	0
0	1	0	0	1	0	1	1	0	0	1
0	1	0	0	1	0	1	1	0	1	1
0	1	0	0	1	0	1	1	1	0	1
0	1	0	0	1	0	1	1	1	1	0
0	1	0	0	1	1	0	0	0	0	1
0	1	0	0	1	1	0	0	0	1	1
0	1	0	0	1	1	0	0	1	0	1
0	1	0	0	1	1	0	0	1	1	1
0	1	0	0	1	1	0	1	0	0	1
0	1	0	0	1	1	0	1	0	1	1
0	1	0	0	1	1	0	1	1	0	1
0	1	0	0	1	1	0	1	1	1	1
0	1	0	0	1	1	1	0	0	0	1
0	1	0	0	1	1	1	0	0	1	1
0	1	0	0	1	1	1	0	1	0	1
0	1	0	0	1	1	1	0	1	1	1
0	1	0	0	1	1	1	1	0	0	1
0	1	0	0	1	1	1	1	0	1	1
0	1	0	0	1	1	1	1	1	0	1
0	1	0	0	1	1	1	1	1	1	1
0	1	0	1	0	0	0	0	0	0	0
0	1	0	1	0	0	0	0	0	1	0
0	1	0	1	0	0	0	0	1	0	0
0	1	0	1	0	0	0	0	1	1	0
0	1	0	1	0	0	0	1	0	0	1
0	1	0	1	0	0	0	1	0	1	1
0	1	0	1	0	0	0	1	1	0	1
0	1	0	1	0	0	0	1	1	1	0
0	1	0	1	0	0	1	0	0	0	1
0	1	0	1	0	0	1	0	0	1	1
0	1	0	1	0	0	1	0	1	0	1
0	1	0	1	0	0	1	0	1	1	0
0	1	0	1	0	0	1	1	0	0	1
0	1	0	1	0	0	1	1	0	1	1
0	1	0	1	0	0	1	1	1	0	1
0	1	0	1	0	0	1	1	1	1	0
0	1	0	1	0	1	0	0	0	0	0
0	1	0	1	0	1	0	0	0	1	0
0	1	0	1	0	1	0	0	1	0	0
0	1	0	1	0	1	0	0	1	1	0
0	1	0	1	0	1	0	1	0	0	1
0	1	0	1	0	1	0	1	0	1	1
0	1	0	1	0	1	0	1	1	0	1
0	1	0	1	0	1	0	1	1	1	0
0	1	0	1	0	1	1	0	0	0	1
0	1	0	1	0	1	1	0	0	1	1
0	1	0	1	0	1	1	0	1	0	1
0	1	0	1	0	1	1	0	1	1	0
0	1	0	1	0	1	1	1	0	0	1
0	1	0	1	0	1	1	1	0	1	1
0	1	0	1	0	1	1	1	1	0	1
0	1	0	1	0	1	1	1	1	1	0
0	1	0	1	1	0	0	0	0	0	0
0	1	0	1	1	0	0	0	0	1	0
0	1	0	1	1	0	0	0	1	0	0
0	1	0	1	1	0	0	0	1	1	0
0	1	0	1	1	0	0	1	0	0	1
0	1	0	1	1	0	0	1	0	1	1
0	1	0	1	1	0	0	1	1	0	1
0	1	0	1	1	0	0	1	1	1	0
0	1	0	1	1	0	1	0	0	0	1
0	1	0	1	1	0	1	0	0	1	1
0	1	0	1	1	0	1	0	1	0	1
0	1	0	1	1	0	1	0	1	1	0
0	1	0	1	1	0	1	1	0	0	1
0	1	0	1	1	0	1	1	0	1	1
0	1	0	1	1	0	1	1	1	0	1
0	1	0	1	1	0	1	1	1	1	0
0	1	0	1	1	1	0	0	0	0	1
0	1	0	1	1	1	0	0	0	1	1
0	1	0	1	1	1	0	0	1	0	1
0	1	0	1	1	1	0	0	1	1	1
0	1	0	1	1	1	0	1	0	0	1
0	1	0	1	1	1	0	1	0	1	1
0	1	0	1	1	1	0	1	1	0	1
0	1	0	1	1	1	0	1	1	1	1
0	1	0	1	1	1	1	0	0	0	1
0	1	0	1	1	1	1	0	0	1	1
0	1	0	1	1	1	1	0	1	0	1
0	1	0	1	1	1	1	0	1	1	1
0	1	0	1	1	1	1	1	0	0	1
0	1	0	1	1	1	1	1	0	1	1
0	1	0	1	1	1	1	1	1	0	1
0	1	0	1	1	1	1	1	1	1	1
0	1	1	0	0	0	0	0	0	0	1
0	1	1	0	0	0	0	0	0	1	1
0	1	1	0	0	0	0	0	1	0	1
0	1	1	0	0	0	0	0	1	1	1
0	1	1	0	0	0	0	1	0	0	1
0	1	1	0	0	0	0	1	0	1	1
0	1	1	0	0	0	0	1	1	0	1
0	1	1	0	0	0	0	1	1	1	1
0	1	1	0	0	0	1	0	0	0	1
0	1	1	0	0	0	1	0	0	1	1
0	1	1	0	0	0	1	0	1	0	1
0	1	1	0	0	0	1	0	1	1	1
0	1	1	0	0	0	1	1	0	0	1
0	1	1	0	0	0	1	1	0	1	1
0	1	1	0	0	0	1	1	1	0	1
0	1	1	0	0	0	1	1	1	1	1
0	1	1	0	0	1	0	0	0	0	1
0	1	1	0	0	1	0	0	0	1	1
0	1	1	0	0	1	0	0	1	0	1
0	1	1	0	0	1	0	0	1	1	1
0	1	1	0	0	1	0	1	0	0	1
0	1	1	0	0	1	0	1	0	1	1
0	1	1	0	0	1	0	1	1	0	1
0	1	1	0	0	1	0	1	1	1	1
0	1	1	0	0	1	1	0	0	0	1
0	1	1	0	0	1	1	0	0	1	1
0	1	1	0	0	1	1	0	1	0	1
0	1	1	0	0	1	1	0	1	1	1
0	1	1	0	0	1	1	1	0	0	1
0	1	1	0	0	1	1	1	0	1	1
0	1	1	0	0	1	1	1	1	0	1
0	1	1	0	0	1	1	1	1	1	1
0	1	1	0	1	0	0	0	0	0	1
0	1	1	0	1	0	0	0	0	1	1
0	1	1	0	1	0	0	0	1	0	1
0	1	1	0	1	0	0	0	1	1	1
0	1	1	0	1	0	0	1	0	0	1
0	1	1	0	1	0	0	1	0	1	1
0	1	1	0	1	0	0	1	1	0	1
0	1	1	0	1	0	0	1	1	1	1
0	1	1	0	1	0	1	0	0	0	1
0	1	1	0	1	0	1	0	0	1	1
0	1	1	0	1	0	1	0	1	0	1
0	1	1	0	1	0	1	0	1	1	1
0	1	1	0	1	0	1	1	0	0	1
0	1	1	0	1	0	1	1	0	1	1
0	1	1	0	1	0	1	1	1	0	1
0	1	1	0	1	0	1	1	1	1	1
0	1	1	0	1	1	0	0	0	0	1
0	1	1	0	1	1	0	0	0	1	1
0	1	1	0	1	1	0	0	1	0	1
0	1	1	0	1	1	0	0	1	1	1
0	1	1	0	1	1	0	1	0	0	1
0	1	1	0	1	1	0	1	0	1	1
0	1	1	0	1	1	0	1	1	0	1
0	1	1	0	1	1	0	1	1	1	1
0	1	1	0	1	1	1	0	0	0	1
0	1	1	0	1	1	1	0	0	1	1
0	1	1	0	1	1	1	0	1	0	1
0	1	1	0	1	1	1	0	1	1	1
0	1	1	0	1	1	1	1	0	0	1
0	1	1	0	1	1	1	1	0	1	1
0	1	1	0	1	1	1	1	1	0	1
0	1	1	0	1	1	1	1	1	1	1
0	1	1	1	0	0	0	0	0	0	0
0	1	1	1	0	0	0	0	0	1	0
0	1	1	1	0	0	0	0	1	0	0
0	1	1	1	0	0	0	0	1	1	0
0	1	1	1	0	0	0	1	0	0	1
0	1	1	1	0	0	0	1	0	1	1
0	1	1	1	0	0	0	1	1	0	1
0	1	1	1	0	0	0	1	1	1	0
0	1	1	1	0	0	1	0	0	0	1
0	1	1	1	0	0	1	0	0	1	1
0	1	1	1	0	0	1	0	1	0	1
0	1	1	1	0	0	1	0	1	1	0
0	1	1	1	0	0	1	1	0	0	1
0	1	1	1	0	0	1	1	0	1	1
0	1	1	1	0	0	1	1	1	0	1
0	1	1	1	0	0	1	1	1	1	0
0	1	1	1	0	1	0	0	0	0	0
0	1	1	1	0	1	0	0	0	1	0
0	1	1	1	0	1	0	0	1	0	0
0	1	1	1	0	1	0	0	1	1	0
0	1	1	1	0	1	0	1	0	0	1
0	1	1	1	0	1	0	1	0	1	1
0	1	1	1	0	1	0	1	1	0	1
0	1	1	1	0	1	0	1	1	1	0
0	1	1	1	0	1	1	0	0	0	1
0	1	1	1	0	1	1	0	0	1	1
0	1	1	1	0	1	1	0	1	0	1
0	1	1	1	0	1	1	0	1	1	0
0	1	1	1	0	1	1	1	0	0	1
0	1	1	1	0	1	1	1	0	1	1
0	1	1	1	0	1	1	1	1	0	1
0	1	1	1	0	1	1	1	1	1	0
0	1	1	1	1	0	0	0	0	0	0
0	1	1	1	1	0	0	0	0	1	0
0	1	1	1	1	0	0	0	1	0	0
0	1	1	1	1	0	0	0	1	1	0
0	1	1	1	1	0	0	1	0	0	1
0	1	1	1	1	0	0	1	0	1	1
0	1	1	1	1	0	0	1	1	0	1
0	1	1	1	1	0	0	1	1	1	0
0	1	1	1	1	0	1	0	0	0	1
0	1	1	1	1	0	1	0	0	1	1
0	1	1	1	1	0	1	0	1	0	1
0	1	1	1	1	0	1	0	1	1	0
0	1	1	1	1	0	1	1	0	0	1
0	1	1	1	1	0	1	1	0	1	1
0	1	1	1	1	0	1	1	1	0	1
0	1	1	1	1	0	1	1	1	1	0
0	1	1	1	1	1	0	0	0	0	1
0	1	1	1	1	1	0	0	0	1	1
0	1	1	1	1	1	0	0	1	0	1
0	1	1	1	1	1	0	0	1	1	1
0	1	1	1	1	1	0	1	0	0	1
0	1	1	1	1	1	0	1	0	1	1
0	1	1	1	1	1	0	1	1	0	1
0	1	1	1	1	1	0	1	1	1	1
0	1	1	1	1	1	1	0	0	0	1
0	1	1	1	1	1	1	0	0	1	1
0	1	1	1	1	1	1	0	1	0	1
0	1	1	1	1	1	1	0	1	1	1
0	1	1	1	1	1	1	1	0	0	1
0	1	1	1	1	1	1	1	0	1	1
0	1	1	1	1	1	1	1	1	0	1
0	1	1	1	1	1	1	1	1	1	1
1	0	0	0	0	0	0	0	0	0	0
1	0	0	0	0	0	0	0	0	1	0
1	0	0	0	0	0	0	0	1	0	0
1	0	0	0	0	0	0	0	1	1	0
1	0	0	0	0	0	0	1	0	0	1
1	0	0	0	0	0	0	1	0	1	1
1	0	0	0	0	0	0	1	1	0	1
1	0	0	0	0	0	0	1	1	1	0
1	0	0	0	0	0	1	0	0	0	1
1	0	0	0	0	0	1	0	0	1	1
1	0	0	0	0	0	1	0	1	0	1
1	0	0	0	0	0	1	0	1	1	0
1	0	0	0	0	0	1	1	0	0	1
1	0	0	0	0	0	1	1	0	1	1
1	0	0	0	0	0	1	1	1	0	1
1	0	0	0	0	0	1	1	1	1	0
1	0	0	0	0	1	0	0	0	0	0
1	0	0	0	0	1	0	0	0	1	0
1	0	0	0	0	1	0	0	1	0	0
1	0	0	0	0	1	0	0	1	1	0
1	0	0	0	0	1	0	1	0	0	1
1	0	0	0	0	1	0	1	0	1	1
1	0	0	0	0	1	0	1	1	0	1
1	0	0	0	0	1	0	1	1	1	0
1	0	0	0	0	1	1	0	0	0	1
1	0	0	0	0	1	1	0	0	1	1
1	0	0	0	0	1	1	0	1	0	1
1	0	0	0	0	1	1	0	1	1	0
1	0	0	0	0	1	1	1	0	0	1
1	0	0	0	0	1	1	1	0	1	1
1	0	0	0	0	1	1	1	1	0	1
1	0	0	0	0	1	1	1	1	1	0
1	0	0	0	1	0	0	0	0	0	0
1	0	0	0	1	0	0	0	0	1	0
1	0	0	0	1	0	0	0	1	0	0
1	0	0	0	1	0	0	0	1	1	0
1	0	0	0	1	0	0	1	0	0	1
1	0	0	0	1	0	0	1	0	1	1
1	0	0	0	1	0	0	1	1	0	1
1	0	0	0	1	0	0	1	1	1	0
1	0	0	0	1	0	1	0	0	0	1
1	0	0	0	1	0	1	0	0	1	1
1	0	0	0	1	0	1	0	1	0	1
1	0	0	0	1	0	1	0	1	1	0
1	0	0	0	1	0	1	1	0	0	1
1	0	0	0	1	0	1	1	0	1	1
1	0	0	0	1	0	1	1	1	0	1
1	0	0	0	1	0	1	1	1	1	0
1	0	0	0	1	1	0	0	0	0	1
1	0	0	0	1	1	0	0	0	1	1
1	0	0	0	1	1	0	0	1	0	1
1	0	0	0	1	1	0	0	1	1	1
1	0	0	0	1	1	0	1	0	0	1
1	0	0	0	1	1	0	1	0	1	1
1	0	0	0	1	1	0	1	1	0	1
1	0	0	0	1	1	0	1	1	1	1
1	0	0	0	1	1	1	0	0	0	1
1	0	0	0	1	1	1	0	0	1	1
1	0	0	0	1	1	1	0	1	0	1
1	0	0	0	1	1	1	0	1	1	1
1	0	0	0	1	1	1	1	0	0	1
1	0	0	0	1	1	1	1	0	1	1
1	0	0	0	1	1	1	1	1	0	1
1	0	0	0	1	1	1	1	1	1	1
1	0	0	1	0	0	0	0	0	0	0
1	0	0	1	0	0	0	0	0	1	0
1	0	0	1	0	0	0	0	1	0	0
1	0	0	1	0	0	0	0	1	1	0
1	0	0	1	0	0	0	1	0	0	1
1	0	0	1	0	0	0	1	0	1	1
1	0	0	1	0	0	0	1	1	0	1
1	0	0	1	0	0	0	1	1	1	0
1	0	0	1	0	0	1	0	0	0	1
1	0	0	1	0	0	1	0	0	1	1
1	0	0	1	0	0	1	0	1	0	1
1	0	0	1	0	0	1	0	1	1	0
1	0	0	1	0	0	1	1	0	0	1
1	0	0	1	0	0	1	1	0	1	1
1	0	0	1	0	0	1	1	1	0	1
1	0	0	1	0	0	1	1	1	1	0
1	0	0	1	0	1	0	0	0	0	0
1	0	0	1	0	1	0	0	0	1	0
1	0	0	1	0	1	0	0	1	0	0
1	0	0	1	0	1	0	0	1	1	0
1	0	0	1	0	1	0	1	0	0	1
1	0	0	1	0	1	0	1	0	1	1
1	0	0	1	0	1	0	1	1	0	1
1	0	0	1	0	1	0	1	1	1	0
1	0	0	1	0	1	1	0	0	0	1
1	0	0	1	0	1	1	0	0	1	1
1	0	0	1	0	1	1	0	1	0	1
1	0	0	1	0	1	1	0	1	1	0
1	0	0	1	0	1	1	1	0	0	1
1	0	0	1	0	1	1	1	0	1	1
1	0	0	1	0	1	1	1	1	0	1
1	0	0	1	0	1	1	1	1	1	0
1	0	0	1	1	0	0	0	0	0	0
1	0	0	1	1	0	0	0	0	1	0
1	0	0	1	1	0	0	0	1	0	0
1	0	0	1	1	0	0	0	1	1	0
1	0	0	1	1	0	0	1	0	0	1
1	0	0	1	1	0	0	1	0	1	1
1	0	0	1	1	0	0	1	1	0	1
1	0	0	1	1	0	0	1	1	1	0
1	0	0	1	1	0	1	0	0	0	1
1	0	0	1	1	0	1	0	0	1	1
1	0	0	1	1	0	1	0	1	0	1
1	0	0	1	1	0	1	0	1	1	0
1	0	0	1	1	0	1	1	0	0	1
1	0	0	1	1	0	1	1	0	1	1
1	0	0	1	1	0	1	1	1	0	1
1	0	0	1	1	0	1	1	1	1	0
1	0	0	1	1	1	0	0	0	0	1
1	0	0	1	1	1	0	0	0	1	1
1	0	0	1	1	1	0	0	1	0	1
1	0	0	1	1	1	0	0	1	1	1
1	0	0	1	1	1	0	1	0	0	1
1	0	0	1	1	1	0	1	0	1	1
1	0	0	1	1	1	0	1	1	0	1
1	0	0	1	1	1	0	1	1	1	1
1	0	0	1	1	1	1	0	0	0	1
1	0	0	1	1	1	1	0	0	1	1
1	0	0	1	1	1	1	0	1	0	1
1	0	0	1	1	1	1	0	1	1	1
1	0	0	1	1	1	1	1	0	0	1
1	0	0	1	1	1	1	1	0	1	1
1	0	0	1	1	1	1	1	1	0	1
1	0	0	1	1	1	1	1	1	1	1
1	0	1	0	0	0	0	0	0	0	1
1	0	1	0	0	0	0	0	0	1	1
1	0	1	0	0	0	0	0	1	0	1
1	0	1	0	0	0	0	0	1	1	1
1	0	1	0	0	0	0	1	0	0	1
1	0	1	0	0	0	0	1	0	1	1
1	0	1	0	0	0	0	1	1	0	1
1	0	1	0	0	0	0	1	1	1	1
1	0	1	0	0	0	1	0	0	0	1
1	0	1	0	0	0	1	0	0	1	1
1	0	1	0	0	0	1	0	1	0	1
1	0	1	0	0	0	1	0	1	1	1
1	0	1	0	0	0	1	1	0	0	1
1	0	1	0	0	0	1	1	0	1	1
1	0	1	0	0	0	1	1	1	0	1
1	0	1	0	0	0	1	1	1	1	1
1	0	1	0	0	1	0	0	0	0	1
1	0	1	0	0	1	0	0	0	1	1
1	0	1	0	0	1	0	0	1	0	1
1	0	1	0	0	1	0	0	1	1	1
1	0	1	0	0	1	0	1	0	0	1
1	0	1	0	0	1	0	1	0	1	1
1	0	1	0	0	1	0	1	1	0	1
1	0	1	0	0	1	0	1	1	1	1
1	0	1	0	0	1	1	0	0	0	1
1	0	1	0	0	1	1	0	0	1	1
1	0	1	0	0	1	1	0	1	0	1
1	0	1	0	0	1	1	0	1	1	1
1	0	1	0	0	1	1	1	0	0	1
1	0	1	0	0	1	1	1	0	1	1
1	0	1	0	0	1	1	1	1	0	1
1	0	1	0	0	1	1	1	1	1	1
1	0	1	0	1	0	0	0	0	0	1
1	0	1	0	1	0	0	0	0	1	1
1	0	1	0	1	0	0	0	1	0	1
1	0	1	0	1	0	0	0	1	1	1
1	0	1	0	1	0	0	1	0	0	1
1	0	1	0	1	0	0	1	0	1	1
1	0	1	0	1	0	0	1	1	0	1
1	0	1	0	1	0	0	1	1	1	1
1	0	1	0	1	0	1	0	0	0	1
1	0	1	0	1	0	1	0	0	1	1
1	0	1	0	1	0	1	0	1	0	1
1	0	1	0	1	0	1	0	1	1	1
1	0	1	0	1	0	1	1	0	0	1
1	0	1	0	1	0	1	1	0	1	1
1	0	1	0	1	0	1	1	1	0	1
1	0	1	0	1	0	1	1	1	1	1
1	0	1	0	1	1	0	0	0	0	1
1	0	1	0	1	1	0	0	0	1	1
1	0	1	0	1	1	0	0	1	0	1
1	0	1	0	1	1	0	0	1	1	1
1	0	1	0	1	1	0	1	0	0	1
1	0	1	0	1	1	0	1	0	1	1
1	0	1	0	1	1	0	1	1	0	1
1	0	1	0	1	1	0	1	1	1	1
1	0	1	0	1	1	1	0	0	0	1
1	0	1	0	1	1	1	0	0	1	1
1	0	1	0	1	1	1	0	1	0	1
1	0	1	0	1	1	1	0	1	1	1
1	0	1	0	1	1	1	1	0	0	1
1	0	1	0	1	1	1	1	0	1	1
1	0	1	0	1	1	1	1	1	0	1
1	0	1	0	1	1	1	1	1	1	1
1	0	1	1	0	0	0	0	0	0	0
1	0	1	1	0	0	0	0	0	1	0
1	0	1	1	0	0	0	0	1	0	0
1	0	1	1	0	0	0	0	1	1	0
1	0	1	1	0	0	0	1	0	0	1
1	0	1	1	0	0	0	1	0	1	1
1	0	1	1	0	0	0	1	1	0	1
1	0	1	1	0	0	0	1	1	1	0
1	0	1	1	0	0	1	0	0	0	1
1	0	1	1	0	0	1	0	0	1	1
1	0	1	1	0	0	1	0	1	0	1
1	0	1	1	0	0	1	0	1	1	0
1	0	1	1	0	0	1	1	0	0	1
1	0	1	1	0	0	1	1	0	1	1
1	0	1	1	0	0	1	1	1	0	1
1	0	1	1	0	0	1	1	1	1	0
1	0	1	1	0	1	0	0	0	0	0
1	0	1	1	0	1	0	0	0	1	0
1	0	1	1	0	1	0	0	1	0	0
1	0	1	1	0	1	0	0	1	1	0
1	0	1	1	0	1	0	1	0	0	1
1	0	1	1	0	1	0	1	0	1	1
1	0	1	1	0	1	0	1	1	0	1
1	0	1	1	0	1	0	1	1	1	0
1	0	1	1	0	1	1	0	0	0	1
1	0	1	1	0	1	1	0	0	1	1
1	0	1	1	0	1	1	0	1	0	1
1	0	1	1	0	1	1	0	1	1	0
1	0	1	1	0	1	1	1	0	0	1
1	0	1	1	0	1	1	1	0	1	1
1	0	1	1	0	1	1	1	1	0	1
1	0	1	1	0	1	1	1	1	1	0
1	0	1	1	1	0	0	0	0	0	0
1	0	1	1	1	0	0	0	0	1	0
1	0	1	1	1	0	0	0	1	0	0
1	0	1	1	1	0	0	0	1	1	0
1	0	1	1	1	0	0	1	0	0	1
1	0	1	1	1	0	0	1	0	1	1
1	0	1	1	1	0	0	1	1	0	1
1	0	1	1	1	0	0	1	1	1	0
1	0	1	1	1	0	1	0	0	0	1
1	0	1	1	1	0	1	0	0	1	1
1	0	1	1	1	0	1	0	1	0	1
1	0	1	1	1	0	1	0	1	1	0
1	0	1	1	1	0	1	1	0	0	1
1	0	1	1	1	0	1	1	0	1	1
1	0	1	1	1	0	1	1	1	0	1
1	0	1	1	1	0	1	1	1	1	0
1	0	1	1	1	1	0	0	0	0	1
1	0	1	1	1	1	0	0	0	1	1
1	0	1	1	1	1	0	0	1	0	1
1	0	1	1	1	1	0	0	1	1	1
1	0	1	1	1	1	0	1	0	0	1
1	0	1	1	1	1	0	1	0	1	1
1	0	1	1	1	1	0	1	1	0	1
1	0	1	1	1	1	0	1	1	1	1
1	0	1	1	1	1	1	0	0	0	1
1	0	1	1	1	1	1	0	0	1	1
1	0	1	1	1	1	1	0	1	0	1
1	0	1	1	1	1	1	0	1	1	1
1	0	1	1	1	1	1	1	0	0	1
1	0	1	1	1	1	1	1	0	1	1
1	0	1	1	1	1	1	1	1	0	1
1	0	1	1	1	1	1	1	1	1	1
1	1	0	0	0	0	0	0	0	0	0
1	1	0	0	0	0	0	0	0	1	0
1	1	0	0	0	0	0	0	1	0	0
1	1	0	0	0	0	0	0	1	1	0
1	1	0	0	0	0	0	1	0	0	1
1	1	0	0	0	0	0	1	0	1	1
1	1	0	0	0	0	0	1	1	0	1
1	1	0	0	0	0	0	1	1	1	0
1	1	0	0	0	0	1	0	0	0	1
1	1	0	0	0	0	1	0	0	1	1
1	1	0	0	0	0	1	0	1	0	1
1	1	0	0	0	0	1	0	1	1	0
1	1	0	0	0	0	1	1	0	0	1
1	1	0	0	0	0	1	1	0	1	1
1	1	0	0	0	0	1	1	1	0	1
1	1	0	0	0	0	1	1	1	1	0
1	1	0	0	0	1	0	0	0	0	0
1	1	0	0	0	1	0	0	0	1	0
1	1	0	0	0	1	0	0	1	0	0
1	1	0	0	0	1	0	0	1	1	0
1	1	0	0	0	1	0	1	0	0	1
1	1	0	0	0	1	0	1	0	1	1
1	1	0	0	0	1	0	1	1	0	1
1	1	0	0	0	1	0	1	1	1	0
1	1	0	0	0	1	1	0	0	0	1
1	1	0	0	0	1	1	0	0	1	1
1	1	0	0	0	1	1	0	1	0	1
1	1	0	0	0	1	1	0	1	1	0
1	1	0	0	0	1	1	1	0	0	1
1	1	0	0	0	1	1	1	0	1	1
1	1	0	0	0	1	1	1	1	0	1
1	1	0	0	0	1	1	1	1	1	0
1	1	0	0	1	0	0	0	0	0	0
1	1	0	0	1	0	0	0	0	1	0
1	1	0	0	1	0	0	0	1	0	0
1	1	0	0	1	0	0	0	1	1	0
1	1	0	0	1	0	0	1	0	0	1
1	1	0	0	1	0	0	1	0	1	1
1	1	0	0	1	0	0	1	1	0	1
1	1	0	0	1	0	0	1	1	1	0
1	1	0	0	1	0	1	0	0	0	1
1	1	0	0	1	0	1	0	0	1	1
1	1	0	0	1	0	1	0	1	0	1
1	1	0	0	1	0	1	0	1	1	0
1	1	0	0	1	0	1	1	0	0	1
1	1	0	0	1	0	1	1	0	1	1
1	1	0	0	1	0	1	1	1	0	1
1	1	0	0	1	0	1	1	1	1	0
1	1	0	0	1	1	0	0	0	0	1
1	1	0	0	1	1	0	0	0	1	1
1	1	0	0	1	1	0	0	1	0	1
1	1	0	0	1	1	0	0	1	1	1
1	1	0	0	1	1	0	1	0	0	1
1	1	0	0	1	1	0	1	0	1	1
1	1	0	0	1	1	0	1	1	0	1
1	1	0	0	1	1	0	1	1	1	1
1	1	0	0	1	1	1	0	0	0	1
1	1	0	0	1	1	1	0	0	1	1
1	1	0	0	1	1	1	0	1	0	1
1	1	0	0	1	1	1	0	1	1	1
1	1	0	0	1	1	1	1	0	0	1
1	1	0	0	1	1	1	1	0	1	1
1	1	0	0	1	1	1	1	1	0	1
1	1	0	0	1	1	1	1	1	1	1
1	1	0	1	0	0	0	0	0	0	0
1	1	0	1	0	0	0	0	0	1	0
1	1	0	1	0	0	0	0	1	0	0
1	1	0	1	0	0	0	0	1	1	0
1	1	0	1	0	0	0	1	0	0	1
1	1	0	1	0	0	0	1	0	1	1
1	1	0	1	0	0	0	1	1	0	1
1	1	0	1	0	0	0	1	1	1	0
1	1	0	1	0	0	1	0	0	0	1
1	1	0	1	0	0	1	0	0	1	1
1	1	0	1	0	0	1	0	1	0	1
1	1	0	1	0	0	1	0	1	1	0
1	1	0	1	0	0	1	1	0	0	1
1	1	0	1	0	0	1	1	0	1	1
1	1	0	1	0	0	1	1	1	0	1
1	1	0	1	0	0	1	1	1	1	0
1	1	0	1	0	1	0	0	0	0	0
1	1	0	1	0	1	0	0	0	1	0
1	1	0	1	0	1	0	0	1	0	0
1	1	0	1	0	1	0	0	1	1	0
1	1	0	1	0	1	0	1	0	0	1
1	1	0	1	0	1	0	1	0	1	1
1	1	0	1	0	1	0	1	1	0	1
1	1	0	1	0	1	0	1	1	1	0
1	1	0	1	0	1	1	0	0	0	1
1	1	0	1	0	1	1	0	0	1	1
1	1	0	1	0	1	1	0	1	0	1
1	1	0	1	0	1	1	0	1	1	0
1	1	0	1	0	1	1	1	0	0	1
1	1	0	1	0	1	1	1	0	1	1
1	1	0	1	0	1	1	1	1	0	1
1	1	0	1	0	1	1	1	1	1	0
1	1	0	1	1	0	0	0	0	0	0
1	1	0	1	1	0	0	0	0	1	0
1	1	0	1	1	0	0	0	1	0	0
1	1	0	1	1	0	0	0	1	1	0
1	1	0	1	1	0	0	1	0	0	1
1	1	0	1	1	0	0	1	0	1	1
1	1	0	1	1	0	0	1	1	0	1
1	1	0	1	1	0	0	1	1	1	0
1	1	0	1	1	0	1	0	0	0	1
1	1	0	1	1	0	1	0	0	1	1
1	1	0	1	1	0	1	0	1	0	1
1	1	0	1	1	0	1	0	1	1	0
1	1	0	1	1	0	1	1	0	0	1
1	1	0	1	1	0	1	1	0	1	1
1	1	0	1	1	0	1	1	1	0	1
1	1	0	1	1	0	1	1	1	1	0
1	1	0	1	1	1	0	0	0	0	1
1	1	0	1	1	1	0	0	0	1	1
1	1	0	1	1	1	0	0	1	0	1
1	1	0	1	1	1	0	0	1	1	1
1	1	0	1	1	1	0	1	0	0	1
1	1	0	1	1	1	0	1	0	1	1
1	1	0	1	1	1	0	1	1	0	1
1	1	0	1	1	1	0	1	1	1	1
1	1	0	1	1	1	1	0	0	0	1
1	1	0	1	1	1	1	0	0	1	1
1	1	0	1	1	1	1	0	1	0	1
1	1	0	1	1	1	1	0	1	1	1
1	1	0	1	1	1	1	1	0	0	1
1	1	0	1	1	1	1	1	0	1	1
1	1	0	1	1	1	1	1	1	0	1
1	1	0	1	1	1	1	1	1	1	1
1	1	1	0	0	0	0	0	0	0	1
1	1	1	0	0	0	0	0	0	1	1
1	1	1	0	0	0	0	0	1	0	1
1	1	1	0	0	0	0	0	1	1	1
1	1	1	0	0	0	0	1	0	0	1
1	1	1	0	0	0	0	1	0	1	1
1	1	1	0	0	0	0	1	1	0	1
1	1	1	0	0	0	0	1	1	1	1
1	1	1	0	0	0	1	0	0	0	1
1	1	1	0	0	0	1	0	0	1	1
1	1	1	0	0	0	1	0	1	0	1
1	1	1	0	0	0	1	0	1	1	1
1	1	1	0	0	0	1	1	0	0	1
1	1	1	0	0	0	1	1	0	1	1
1	1	1	0	0	0	1	1	1	0	1
1	1	1	0	0	0	1	1	1	1	1
1	1	1	0	0	1	0	0	0	0	1
1	1	1	0	0	1	0	0	0	1	1
1	1	1	0	0	1	0	0	1	0	1
1	1	1	0	0	1	0	0	1	1	1
1	1	1	0	0	1	0	1	0	0	1
1	1	1	0	0	1	0	1	0	1	1
1	1	1	0	0	1	0	1	1	0	1
1	1	1	0	0	1	0	1	1	1	1
1	1	1	0	0	1	1	0	0	0	1
1	1	1	0	0	1	1	0	0	1	1
1	1	1	0	0	1	1	0	1	0	1
1	1	1	0	0	1	1	0	1	1	1
1	1	1	0	0	1	1	1	0	0	1
1	1	1	0	0	1	1	1	0	1	1
1	1	1	0	0	1	1	1	1	0	1
1	1	1	0	0	1	1	1	1	1	1
1	1	1	0	1	0	0	0	0	0	1
1	1	1	0	1	0	0	0	0	1	1
1	1	1	0	1	0	0	0	1	0	1
1	1	1	0	1	0	0	0	1	1	1
1	1	1	0	1	0	0	1	0	0	1
1	1	1	0	1	0	0	1	0	1	1
1	1	1	0	1	0	0	1	1	0	1
1	1	1	0	1	0	0	1	1	1	1
1	1	1	0	1	0	1	0	0	0	1
1	1	1	0	1	0	1	0	0	1	1
1	1	1	0	1	0	1	0	1	0	1
1	1	1	0	1	0	1	0	1	1	1
1	1	1	0	1	0	1	1	0	0	1
1	1	1	0	1	0	1	1	0	1	1
1	1	1	0	1	0	1	1	1	0	1
1	1	1	0	1	0	1	1	1	1	1
1	1	1	0	1	1	0	0	0	0	1
1	1	1	0	1	1	0	0	0	1	1
1	1	1	0	1	1	0	0	1	0	1
1	1	1	0	1	1	0	0	1	1	1
1	1	1	0	1	1	0	1	0	0	1
1	1	1	0	1	1	0	1	0	1	1
1	1	1	0	1	1	0	1	1	0	1
1	1	1	0	1	1	0	1	1	1	1
1	1	1	0	1	1	1	0	0	0	1
1	1	1	0	1	1	1	0	0	1	1
1	1	1	0	1	1	1	0	1	0	1
1	1	1	0	1	1	1	0	1	1	1
1	1	1	0	1	1	1	1	0	0	1
1	1	1	0	1	1	1	1	0	1	1
1	1	1	0	1	1	1	1	1	0	1
1	1	1	0	1	1	1	1	1	1	1
1	1	1	1	0	0	0	0	0	0	0
1	1	1	1	0	0	0	0	0	1	0
1	1	1	1	0	0	0	0	1	0	0
1	1	1	1	0	0	0	0	1	1	0
1	1	1	1	0	0	0	1	0	0	1
1	1	1	1	0	0	0	1	0	1	1
1	1	1	1	0	0	0	1	1	0	1
1	1	1	1	0	0	0	1	1	1	0
1	1	1	1	0	0	1	0	0	0	1
1	1	1	1	0	0	1	0	0	1	1
1	1	1	1	0	0	1	0	1	0	1
1	1	1	1	0	0	1	0	1	1	0
1	1	1	1	0	0	1	1	0	0	1
1	1	1	1	0	0	1	1	0	1	1
1	1	1	1	0	0	1	1	1	0	1
1	1	1	1	0	0	1	1	1	1	0
1	1	1	1	0	1	0	0	0	0	0
1	1	1	1	0	1	0	0	0	1	0
1	1	1	1	0	1	0	0	1	0	0
1	1	1	1	0	1	0	0	1	1	0
1	1	1	1	0	1	0	1	0	0	1
1	1	1	1	0	1	0	1	0	1	1
1	1	1	1	0	1	0	1	1	0	1
1	1	1	1	0	1	0	1	1	1	0
1	1	1	1	0	1	1	0	0	0	1
1	1	1	1	0	1	1	0	0	1	1
1	1	1	1	0	1	1	0	1	0	1
1	1	1	1	0	1	1	0	1	1	0
1	1	1	1	0	1	1	1	0	0	1
1	1	1	1	0	1	1	1	0	1	1
1	1	1	1	0	1	1	1	1	0	1
1	1	1	1	0	1	1	1	1	1	0
1	1	1	1	1	0	0	0	0	0	0
1	1	1	1	1	0	0	0	0	1	0
1	1	1	1	1	0	0	0	1	0	0
1	1	1	1	1	0	0	0	1	1	0
1	1	1	1	1	0	0	1	0	0	1
1	1	1	1	1	0	0	1	0	1	1
1	1	1	1	1	0	0	1	1	0	1
1	1	1	1	1	0	0	1	1	1	0
1	1	1	1	1	0	1	0	0	0	1
1	1	1	1	1	0	1	0	0	1	1
1	1	1	1	1	0	1	0	1	0	1
1	1	1	1	1	0	1	0	1	1	0
1	1	1	1	1	0	1	1	0	0	1
1	1	1	1	1	0	1	1	0	1	1
1	1	1	1	1	0	1	1	1	0	1
1	1	1	1	1	0	1	1	1	1	0
1	1	1	1	1	1	0	0	0	0	1
1	1	1	1	1	1	0	0	0	1	1
1	1	1	1	1	1	0	0	1	0	1
1	1	1	1	1	1	0	0	1	1	1
1	1	1	1	1	1	0	1	0	0	1
1	1	1	1	1	1	0	1	0	1	1
1	1	1	1	1	1	0	1	1	0	1
1	1	1	1	1	1	0	1	1	1	1
1	1	1	1	1	1	1	0	0	0	1
1	1	1	1	1	1	1	0	0	1	1
1	1	1	1	1	1	1	0	1	0	1
1	1	1	1	1	1	1	0	1	1	1
1	1	1	1	1	1	1	1	0	0	1
1	1	1	1	1	1	1	1	0	1	1
1	1	1	1	1	1	1	1	1	0	1
1	1	1	1	1	1	1	1	1	1	1
