erk12	akt	eif4	etwof1	ulk1	smadR	p53	rb1	TGFr	cmyc
0	0	0	0	0	0	0	0	0	0
0	0	0	0	0	0	0	0	1	0
0	0	0	0	0	0	0	1	0	0
0	0	0	0	0	0	0	1	1	0
0	0	0	0	0	0	1	0	0	0
0	0	0	0	0	0	1	0	1	0
0	0	0	0	0	0	1	1	0	0
0	0	0	0	0	0	1	1	1	0
0	0	0	0	0	1	0	0	0	0
0	0	0	0	0	1	0	0	1	0
0	0	0	0	0	1	0	1	0	0
0	0	0	0	0	1	0	1	1	0
0	0	0	0	0	1	1	0	0	0
0	0	0	0	0	1	1	0	1	0
0	0	0	0	0	1	1	1	0	0
0	0	0	0	0	1	1	1	1	0
0	0	0	0	1	0	0	0	0	0
0	0	0	0	1	0	0	0	1	0
0	0	0	0	1	0	0	1	0	0
0	0	0	0	1	0	0	1	1	0
0	0	0	0	1	0	1	0	0	0
0	0	0	0	1	0	1	0	1	0
0	0	0	0	1	0	1	1	0	0
0	0	0	0	1	0	1	1	1	0
0	0	0	0	1	1	0	0	0	0
0	0	0	0	1	1	0	0	1	0
0	0	0	0	1	1	0	1	0	0
0	0	0	0	1	1	0	1	1	0
0	0	0	0	1	1	1	0	0	0
0	0	0	0	1	1	1	0	1	0
0	0	0	0	1	1	1	1	0	0
0	0	0	0	1	1	1	1	1	0
0	0	0	1	0	0	0	0	0	1
0	0	0	1	0	0	0	0	1	0
0	0	0	1	0	0	0	1	0	0
0	0	0	1	0	0	0	1	1	0
0	0	0	1	0	0	1	0	0	0
0	0	0	1	0	0	1	0	1	0
0	0	0	1	0	0	1	1	0	0
0	0	0	1	0	0	1	1	1	0
0	0	0	1	0	1	0	0	0	0
0	0	0	1	0	1	0	0	1	0
0	0	0	1	0	1	0	1	0	0
0	0	0	1	0	1	0	1	1	0
0	0	0	1	0	1	1	0	0	0
0	0	0	1	0	1	1	0	1	0
0	0	0	1	0	1	1	1	0	0
0	0	0	1	0	1	1	1	1	0
0	0	0	1	1	0	0	0	0	0
0	0	0	1	1	0	0	0	1	0
0	0	0	1	1	0	0	1	0	0
0	0	0	1	1	0	0	1	1	0
0	0	0	1	1	0	1	0	0	0
0	0	0	1	1	0	1	0	1	0
0	0	0	1	1	0	1	1	0	0
0	0	0	1	1	0	1	1	1	0
0	0	0	1	1	1	0	0	0	0
0	0	0	1	1	1	0	0	1	0
0	0	0	1	1	1	0	1	0	0
0	0	0	1	1	1	0	1	1	0
0	0	0	1	1	1	1	0	0	0
0	0	0	1	1	1	1	0	1	0
0	0	0	1	1	1	1	1	0	0
0	0	0	1	1	1	1	1	1	0
0	0	1	0	0	0	0	0	0	1
0	0	1	0	0	0	0	0	1	0
0	0	1	0	0	0	0	1	0	0
0	0	1	0	0	0	0	1	1	0
0	0	1	0	0	0	1	0	0	0
0	0	1	0	0	0	1	0	1	0
0	0	1	0	0	0	1	1	0	0
0	0	1	0	0	0	1	1	1	0
0	0	1	0	0	1	0	0	0	0
0	0	1	0	0	1	0	0	1	0
0	0	1	0	0	1	0	1	0	0
0	0	1	0	0	1	0	1	1	0
0	0	1	0	0	1	1	0	0	0
0	0	1	0	0	1	1	0	1	0
0	0	1	0	0	1	1	1	0	0
0	0	1	0	0	1	1	1	1	0
0	0	1	0	1	0	0	0	0	0
0	0	1	0	1	0	0	0	1	0
0	0	1	0	1	0	0	1	0	0
0	0	1	0	1	0	0	1	1	0
0	0	1	0	1	0	1	0	0	0
0	0	1	0	1	0	1	0	1	0
0	0	1	0	1	0	1	1	0	0
0	0	1	0	1	0	1	1	1	0
0	0	1	0	1	1	0	0	0	0
0	0	1	0	1	1	0	0	1	0
0	0	1	0	1	1	0	1	0	0
0	0	1	0	1	1	0	1	1	0
0	0	1	0	1	1	1	0	0	0
0	0	1	0	1	1	1	0	1	0
0	0	1	0	1	1	1	1	0	0
0	0	1	0	1	1	1	1	1	0
0	0	1	1	0	0	0	0	0	1
0	0	1	1	0	0	0	0	1	0
0	0	1	1	0	0	0	1	0	0
0	0	1	1	0	0	0	1	1	0
0	0	1	1	0	0	1	0	0	0
0	0	1	1	0	0	1	0	1	0
0	0	1	1	0	0	1	1	0	0
0	0	1	1	0	0	1	1	1	0
0	0	1	1	0	1	0	0	0	0
0	0	1	1	0	1	0	0	1	0
0	0	1	1	0	1	0	1	0	0
0	0	1	1	0	1	0	1	1	0
0	0	1	1	0	1	1	0	0	0
0	0	1	1	0	1	1	0	1	0
0	0	1	1	0	1	1	1	0	0
0	0	1	1	0	1	1	1	1	0
0	0	1	1	1	0	0	0	0	0
0	0	1	1	1	0	0	0	1	0
0	0	1	1	1	0	0	1	0	0
0	0	1	1	1	0	0	1	1	0
0	0	1	1	1	0	1	0	0	0
0	0	1	1	1	0	1	0	1	0
0	0	1	1	1	0	1	1	0	0
0	0	1	1	1	0	1	1	1	0
0	0	1	1	1	1	0	0	0	0
0	0	1	1	1	1	0	0	1	0
0	0	1	1	1	1	0	1	0	0
0	0	1	1	1	1	0	1	1	0
0	0	1	1	1	1	1	0	0	0
0	0	1	1	1	1	1	0	1	0
0	0	1	1	1	1	1	1	0	0
0	0	1	1	1	1	1	1	1	0
0	1	0	0	0	0	0	0	0	1
0	1	0	0	0	0	0	0	1	0
0	1	0	0	0	0	0	1	0	0
0	1	0	0	0	0	0	1	1	0
0	1	0	0	0	0	1	0	0	0
0	1	0	0	0	0	1	0	1	0
0	1	0	0	0	0	1	1	0	0
0	1	0	0	0	0	1	1	1	0
0	1	0	0	0	1	0	0	0	0
0	1	0	0	0	1	0	0	1	0
0	1	0	0	0	1	0	1	0	0
0	1	0	0	0	1	0	1	1	0
0	1	0	0	0	1	1	0	0	0
0	1	0	0	0	1	1	0	1	0
0	1	0	0	0	1	1	1	0	0
0	1	0	0	0	1	1	1	1	0
0	1	0	0	1	0	0	0	0	0
0	1	0	0	1	0	0	0	1	0
0	1	0	0	1	0	0	1	0	0
0	1	0	0	1	0	0	1	1	0
0	1	0	0	1	0	1	0	0	0
0	1	0	0	1	0	1	0	1	0
0	1	0	0	1	0	1	1	0	0
0	1	0	0	1	0	1	1	1	0
0	1	0	0	1	1	0	0	0	0
0	1	0	0	1	1	0	0	1	0
0	1	0	0	1	1	0	1	0	0
0	1	0	0	1	1	0	1	1	0
0	1	0	0	1	1	1	0	0	0
0	1	0	0	1	1	1	0	1	0
0	1	0	0	1	1	1	1	0	0
0	1	0	0	1	1	1	1	1	0
0	1	0	1	0	0	0	0	0	1
0	1	0	1	0	0	0	0	1	0
0	1	0	1	0	0	0	1	0	0
0	1	0	1	0	0	0	1	1	0
0	1	0	1	0	0	1	0	0	0
0	1	0	1	0	0	1	0	1	0
0	1	0	1	0	0	1	1	0	0
0	1	0	1	0	0	1	1	1	0
0	1	0	1	0	1	0	0	0	0
0	1	0	1	0	1	0	0	1	0
0	1	0	1	0	1	0	1	0	0
0	1	0	1	0	1	0	1	1	0
0	1	0	1	0	1	1	0	0	0
0	1	0	1	0	1	1	0	1	0
0	1	0	1	0	1	1	1	0	0
0	1	0	1	0	1	1	1	1	0
0	1	0	1	1	0	0	0	0	0
0	1	0	1	1	0	0	0	1	0
0	1	0	1	1	0	0	1	0	0
0	1	0	1	1	0	0	1	1	0
0	1	0	1	1	0	1	0	0	0
0	1	0	1	1	0	1	0	1	0
0	1	0	1	1	0	1	1	0	0
0	1	0	1	1	0	1	1	1	0
0	1	0	1	1	1	0	0	0	0
0	1	0	1	1	1	0	0	1	0
0	1	0	1	1	1	0	1	0	0
0	1	0	1	1	1	0	1	1	0
0	1	0	1	1	1	1	0	0	0
0	1	0	1	1	1	1	0	1	0
0	1	0	1	1	1	1	1	0	0
0	1	0	1	1	1	1	1	1	0
0	1	1	0	0	0	0	0	0	1
0	1	1	0	0	0	0	0	1	0
0	1	1	0	0	0	0	1	0	0
0	1	1	0	0	0	0	1	1	0
0	1	1	0	0	0	1	0	0	0
0	1	1	0	0	0	1	0	1	0
0	1	1	0	0	0	1	1	0	0
0	1	1	0	0	0	1	1	1	0
0	1	1	0	0	1	0	0	0	0
0	1	1	0	0	1	0	0	1	0
0	1	1	0	0	1	0	1	0	0
0	1	1	0	0	1	0	1	1	0
0	1	1	0	0	1	1	0	0	0
0	1	1	0	0	1	1	0	1	0
0	1	1	0	0	1	1	1	0	0
0	1	1	0	0	1	1	1	1	0
0	1	1	0	1	0	0	0	0	0
0	1	1	0	1	0	0	0	1	0
0	1	1	0	1	0	0	1	0	0
0	1	1	0	1	0	0	1	1	0
0	1	1	0	1	0	1	0	0	0
0	1	1	0	1	0	1	0	1	0
0	1	1	0	1	0	1	1	0	0
0	1	1	0	1	0	1	1	1	0
0	1	1	0	1	1	0	0	0	0
0	1	1	0	1	1	0	0	1	0
0	1	1	0	1	1	0	1	0	0
0	1	1	0	1	1	0	1	1	0
0	1	1	0	1	1	1	0	0	0
0	1	1	0	1	1	1	0	1	0
0	1	1	0	1	1	1	1	0	0
0	1	1	0	1	1	1	1	1	0
0	1	1	1	0	0	0	0	0	1
0	1	1	1	0	0	0	0	1	0
0	1	1	1	0	0	0	1	0	0
0	1	1	1	0	0	0	1	1	0
0	1	1	1	0	0	1	0	0	0
0	1	1	1	0	0	1	0	1	0
0	1	1	1	0	0	1	1	0	0
0	1	1	1	0	0	1	1	1	0
0	1	1	1	0	1	0	0	0	0
0	1	1	1	0	1	0	0	1	0
0	1	1	1	0	1	0	1	0	0
0	1	1	1	0	1	0	1	1	0
0	1	1	1	0	1	1	0	0	0
0	1	1	1	0	1	1	0	1	0
0	1	1	1	0	1	1	1	0	0
0	1	1	1	0	1	1	1	1	0
0	1	1	1	1	0	0	0	0	0
0	1	1	1	1	0	0	0	1	0
0	1	1	1	1	0	0	1	0	0
0	1	1	1	1	0	0	1	1	0
0	1	1	1	1	0	1	0	0	0
0	1	1	1	1	0	1	0	1	0
0	1	1	1	1	0	1	1	0	0
0	1	1	1	1	0	1	1	1	0
0	1	1	1	1	1	0	0	0	0
0	1	1	1	1	1	0	0	1	0
0	1	1	1	1	1	0	1	0	0
0	1	1	1	1	1	0	1	1	0
0	1	1	1	1	1	1	0	0	0
0	1	1	1	1	1	1	0	1	0
0	1	1	1	1	1	1	1	0	0
0	1	1	1	1	1	1	1	1	0
1	0	0	0	0	0	0	0	0	1
1	0	0	0	0	0	0	0	1	0
1	0	0	0	0	0	0	1	0	0
1	0	0	0	0	0	0	1	1	0
1	0	0	0	0	0	1	0	0	0
1	0	0	0	0	0	1	0	1	0
1	0	0	0	0	0	1	1	0	0
1	0	0	0	0	0	1	1	1	0
1	0	0	0	0	1	0	0	0	0
1	0	0	0	0	1	0	0	1	0
1	0	0	0	0	1	0	1	0	0
1	0	0	0	0	1	0	1	1	0
1	0	0	0	0	1	1	0	0	0
1	0	0	0	0	1	1	0	1	0
1	0	0	0	0	1	1	1	0	0
1	0	0	0	0	1	1	1	1	0
1	0	0	0	1	0	0	0	0	0
1	0	0	0	1	0	0	0	1	0
1	0	0	0	1	0	0	1	0	0
1	0	0	0	1	0	0	1	1	0
1	0	0	0	1	0	1	0	0	0
1	0	0	0	1	0	1	0	1	0
1	0	0	0	1	0	1	1	0	0
1	0	0	0	1	0	1	1	1	0
1	0	0	0	1	1	0	0	0	0
1	0	0	0	1	1	0	0	1	0
1	0	0	0	1	1	0	1	0	0
1	0	0	0	1	1	0	1	1	0
1	0	0	0	1	1	1	0	0	0
1	0	0	0	1	1	1	0	1	0
1	0	0	0	1	1	1	1	0	0
1	0	0	0	1	1	1	1	1	0
1	0	0	1	0	0	0	0	0	1
1	0	0	1	0	0	0	0	1	0
1	0	0	1	0	0	0	1	0	0
1	0	0	1	0	0	0	1	1	0
1	0	0	1	0	0	1	0	0	0
1	0	0	1	0	0	1	0	1	0
1	0	0	1	0	0	1	1	0	0
1	0	0	1	0	0	1	1	1	0
1	0	0	1	0	1	0	0	0	0
1	0	0	1	0	1	0	0	1	0
1	0	0	1	0	1	0	1	0	0
1	0	0	1	0	1	0	1	1	0
1	0	0	1	0	1	1	0	0	0
1	0	0	1	0	1	1	0	1	0
1	0	0	1	0	1	1	1	0	0
1	0	0	1	0	1	1	1	1	0
1	0	0	1	1	0	0	0	0	0
1	0	0	1	1	0	0	0	1	0
1	0	0	1	1	0	0	1	0	0
1	0	0	1	1	0	0	1	1	0
1	0	0	1	1	0	1	0	0	0
1	0	0	1	1	0	1	0	1	0
1	0	0	1	1	0	1	1	0	0
1	0	0	1	1	0	1	1	1	0
1	0	0	1	1	1	0	0	0	0
1	0	0	1	1	1	0	0	1	0
1	0	0	1	1	1	0	1	0	0
1	0	0	1	1	1	0	1	1	0
1	0	0	1	1	1	1	0	0	0
1	0	0	1	1	1	1	0	1	0
1	0	0	1	1	1	1	1	0	0
1	0	0	1	1	1	1	1	1	0
1	0	1	0	0	0	0	0	0	1
1	0	1	0	0	0	0	0	1	0
1	0	1	0	0	0	0	1	0	0
1	0	1	0	0	0	0	1	1	0
1	0	1	0	0	0	1	0	0	0
1	0	1	0	0	0	1	0	1	0
1	0	1	0	0	0	1	1	0	0
1	0	1	0	0	0	1	1	1	0
1	0	1	0	0	1	0	0	0	0
1	0	1	0	0	1	0	0	1	0
1	0	1	0	0	1	0	1	0	0
1	0	1	0	0	1	0	1	1	0
1	0	1	0	0	1	1	0	0	0
1	0	1	0	0	1	1	0	1	0
1	0	1	0	0	1	1	1	0	0
1	0	1	0	0	1	1	1	1	0
1	0	1	0	1	0	0	0	0	0
1	0	1	0	1	0	0	0	1	0
1	0	1	0	1	0	0	1	0	0
1	0	1	0	1	0	0	1	1	0
1	0	1	0	1	0	1	0	0	0
1	0	1	0	1	0	1	0	1	0
1	0	1	0	1	0	1	1	0	0
1	0	1	0	1	0	1	1	1	0
1	0	1	0	1	1	0	0	0	0
1	0	1	0	1	1	0	0	1	0
1	0	1	0	1	1	0	1	0	0
1	0	1	0	1	1	0	1	1	0
1	0	1	0	1	1	1	0	0	0
1	0	1	0	1	1	1	0	1	0
1	0	1	0	1	1	1	1	0	0
1	0	1	0	1	1	1	1	1	0
1	0	1	1	0	0	0	0	0	1
1	0	1	1	0	0	0	0	1	0
1	0	1	1	0	0	0	1	0	0
1	0	1	1	0	0	0	1	1	0
1	0	1	1	0	0	1	0	0	0
1	0	1	1	0	0	1	0	1	0
1	0	1	1	0	0	1	1	0	0
1	0	1	1	0	0	1	1	1	0
1	0	1	1	0	1	0	0	0	0
1	0	1	1	0	1	0	0	1	0
1	0	1	1	0	1	0	1	0	0
1	0	1	1	0	1	0	1	1	0
1	0	1	1	0	1	1	0	0	0
1	0	1	1	0	1	1	0	1	0
1	0	1	1	0	1	1	1	0	0
1	0	1	1	0	1	1	1	1	0
1	0	1	1	1	0	0	0	0	0
1	0	1	1	1	0	0	0	1	0
1	0	1	1	1	0	0	1	0	0
1	0	1	1	1	0	0	1	1	0
1	0	1	1	1	0	1	0	0	0
1	0	1	1	1	0	1	0	1	0
1	0	1	1	1	0	1	1	0	0
1	0	1	1	1	0	1	1	1	0
1	0	1	1	1	1	0	0	0	0
1	0	1	1	1	1	0	0	1	0
1	0	1	1	1	1	0	1	0	0
1	0	1	1	1	1	0	1	1	0
1	0	1	1	1	1	1	0	0	0
1	0	1	1	1	1	1	0	1	0
1	0	1	1	1	1	1	1	0	0
1	0	1	1	1	1	1	1	1	0
1	1	0	0	0	0	0	0	0	1
1	1	0	0	0	0	0	0	1	0
1	1	0	0	0	0	0	1	0	0
1	1	0	0	0	0	0	1	1	0
1	1	0	0	0	0	1	0	0	0
1	1	0	0	0	0	1	0	1	0
1	1	0	0	0	0	1	1	0	0
1	1	0	0	0	0	1	1	1	0
1	1	0	0	0	1	0	0	0	0
1	1	0	0	0	1	0	0	1	0
1	1	0	0	0	1	0	1	0	0
1	1	0	0	0	1	0	1	1	0
1	1	0	0	0	1	1	0	0	0
1	1	0	0	0	1	1	0	1	0
1	1	0	0	0	1	1	1	0	0
1	1	0	0	0	1	1	1	1	0
1	1	0	0	1	0	0	0	0	0
1	1	0	0	1	0	0	0	1	0
1	1	0	0	1	0	0	1	0	0
1	1	0	0	1	0	0	1	1	0
1	1	0	0	1	0	1	0	0	0
1	1	0	0	1	0	1	0	1	0
1	1	0	0	1	0	1	1	0	0
1	1	0	0	1	0	1	1	1	0
1	1	0	0	1	1	0	0	0	0
1	1	0	0	1	1	0	0	1	0
1	1	0	0	1	1	0	1	0	0
1	1	0	0	1	1	0	1	1	0
1	1	0	0	1	1	1	0	0	0
1	1	0	0	1	1	1	0	1	0
1	1	0	0	1	1	1	1	0	0
1	1	0	0	1	1	1	1	1	0
1	1	0	1	0	0	0	0	0	1
1	1	0	1	0	0	0	0	1	0
1	1	0	1	0	0	0	1	0	0
1	1	0	1	0	0	0	1	1	0
1	1	0	1	0	0	1	0	0	0
1	1	0	1	0	0	1	0	1	0
1	1	0	1	0	0	1	1	0	0
1	1	0	1	0	0	1	1	1	0
1	1	0	1	0	1	0	0	0	0
1	1	0	1	0	1	0	0	1	0
1	1	0	1	0	1	0	1	0	0
1	1	0	1	0	1	0	1	1	0
1	1	0	1	0	1	1	0	0	0
1	1	0	1	0	1	1	0	1	0
1	1	0	1	0	1	1	1	0	0
1	1	0	1	0	1	1	1	1	0
1	1	0	1	1	0	0	0	0	0
1	1	0	1	1	0	0	0	1	0
1	1	0	1	1	0	0	1	0	0
1	1	0	1	1	0	0	1	1	0
1	1	0	1	1	0	1	0	0	0
1	1	0	1	1	0	1	0	1	0
1	1	0	1	1	0	1	1	0	0
1	1	0	1	1	0	1	1	1	0
1	1	0	1	1	1	0	0	0	0
1	1	0	1	1	1	0	0	1	0
1	1	0	1	1	1	0	1	0	0
1	1	0	1	1	1	0	1	1	0
1	1	0	1	1	1	1	0	0	0
1	1	0	1	1	1	1	0	1	0
1	1	0	1	1	1	1	1	0	0
1	1	0	1	1	1	1	1	1	0
1	1	1	0	0	0	0	0	0	1
1	1	1	0	0	0	0	0	1	0
1	1	1	0	0	0	0	1	0	0
1	1	1	0	0	0	0	1	1	0
1	1	1	0	0	0	1	0	0	0
1	1	1	0	0	0	1	0	1	0
1	1	1	0	0	0	1	1	0	0
1	1	1	0	0	0	1	1	1	0
1	1	1	0	0	1	0	0	0	0
1	1	1	0	0	1	0	0	1	0
1	1	1	0	0	1	0	1	0	0
1	1	1	0	0	1	0	1	1	0
1	1	1	0	0	1	1	0	0	0
1	1	1	0	0	1	1	0	1	0
1	1	1	0	0	1	1	1	0	0
1	1	1	0	0	1	1	1	1	0
1	1	1	0	1	0	0	0	0	0
1	1	1	0	1	0	0	0	1	0
1	1	1	0	1	0	0	1	0	0
1	1	1	0	1	0	0	1	1	0
1	1	1	0	1	0	1	0	0	0
1	1	1	0	1	0	1	0	1	0
1	1	1	0	1	0	1	1	0	0
1	1	1	0	1	0	1	1	1	0
1	1	1	0	1	1	0	0	0	0
1	1	1	0	1	1	0	0	1	0
1	1	1	0	1	1	0	1	0	0
1	1	1	0	1	1	0	1	1	0
1	1	1	0	1	1	1	0	0	0
1	1	1	0	1	1	1	0	1	0
1	1	1	0	1	1	1	1	0	0
1	1	1	0	1	1	1	1	1	0
1	1	1	1	0	0	0	0	0	1
1	1	1	1	0	0	0	0	1	0
1	1	1	1	0	0	0	1	0	0
1	1	1	1	0	0	0	1	1	0
1	1	1	1	0	0	1	0	0	0
1	1	1	1	0	0	1	0	1	0
1	1	1	1	0	0	1	1	0	0
1	1	1	1	0	0	1	1	1	0
1	1	1	1	0	1	0	0	0	0
1	1	1	1	0	1	0	0	1	0
1	1	1	1	0	1	0	1	0	0
1	1	1	1	0	1	0	1	1	0
1	1	1	1	0	1	1	0	0	0
1	1	1	1	0	1	1	0	1	0
1	1	1	1	0	1	1	1	0	0
1	1	1	1	0	1	1	1	1	0
1	1	1	1	1	0	0	0	0	0
1	1	1	1	1	0	0	0	1	0
1	1	1	1	1	0	0	1	0	0
1	1	1	1	1	0	0	1	1	0
1	1	1	1	1	0	1	0	0	0
1	1	1	1	1	0	1	0	1	0
1	1	1	1	1	0	1	1	0	0
1	1	1	1	1	0	1	1	1	0
1	1	1	1	1	1	0	0	0	0
1	1	1	1	1	1	0	0	1	0
1	1	1	1	1	1	0	1	0	0
1	1	1	1	1	1	0	1	1	0
1	1	1	1	1	1	1	0	0	0
1	1	1	1	1	1	1	0	1	0
1	1	1	1	1	1	1	1	0	0
1	1	1	1	1	1	1	1	1	0
